1       snp26377-scaffold276-3048277    0       91606571
3       snp29625-scaffold321-2520457    0       47963595
5       snp34463-scaffold405-1316194    0       12314446
6       snp27972-scaffold30-1391368     0       78468711
7       snp19390-scaffold196-337322     0       1200430
8       snp44569-scaffold606-1888319    0       49985808
9       snp45579-scaffold623-305993     0       73762703
12      snp29361-scaffold317-587318     0       66823725
15      snp42001-scaffold548-2557090    0       28737577
15      snp46453-scaffold643-1467546    0       36334737
15      snp52017-scaffold7644-30499     0       76303410
16      snp8981-scaffold1327-287524     0       21955173
16      snp52584-scaffold785-387132     0       71799464
19      snp32151-scaffold364-383412     0       45408983
21      snp58798-scaffold960-82943      0       59483067
22      snp54246-scaffold827-4281619    0       45323486
24      snp25004-scaffold2570-222343    0       1126457